C1
10 20
255
layer1
255 255 255 0 255 255 255 0 255 255 255 0 255 255 255 0 255 255 255 0 255 255 255 0 255 255 255 0 255 255 255 0 255 255 255 0 255 255 255 0 
255 255 255 0 255 255 255 0 255 255 255 0 255 255 255 0 255 255 255 0 255 255 255 0 255 255 255 0 255 255 255 0 255 255 255 0 255 255 255 0 
255 255 255 0 255 255 255 0 255 255 255 0 255 255 255 0 255 255 255 0 255 255 255 0 255 255 255 0 255 255 255 0 255 255 255 0 255 255 255 0 
255 255 255 0 255 255 255 0 255 255 255 0 255 255 255 0 255 255 255 0 255 255 255 0 255 255 255 0 255 255 255 0 255 255 255 0 255 255 255 0 
255 255 255 0 255 255 255 0 255 255 255 0 255 255 255 0 255 255 255 0 255 255 255 0 255 255 255 0 255 255 255 0 255 255 255 0 255 255 255 0 
255 255 255 0 255 255 255 0 255 255 255 0 255 255 255 0 255 255 255 0 255 255 255 0 255 255 255 0 255 255 255 0 255 255 255 0 255 255 255 0 
255 255 255 0 255 255 255 0 255 255 255 0 255 255 255 0 255 255 255 0 255 255 255 0 255 255 255 0 255 255 255 0 255 255 255 0 255 255 255 0 
255 255 255 0 255 255 255 0 255 255 255 0 255 255 255 0 255 255 255 0 255 255 255 0 255 255 255 0 255 255 255 0 255 255 255 0 255 255 255 0 
255 255 255 0 255 255 255 0 255 255 255 0 255 255 255 0 255 255 255 0 255 255 255 0 255 255 255 0 255 255 255 0 255 255 255 0 255 255 255 0 
255 255 255 0 255 255 255 0 255 255 255 0 255 255 255 0 255 255 255 0 255 255 255 0 255 255 255 0 255 255 255 0 255 255 255 0 255 255 255 0 
255 255 255 0 255 255 255 0 255 255 255 0 255 255 255 0 255 255 255 0 255 255 255 0 255 255 255 0 255 255 255 0 255 255 255 0 255 255 255 0 
255 255 255 0 255 255 255 0 255 255 255 0 255 255 255 0 255 255 255 0 255 255 255 0 255 255 255 0 255 255 255 0 255 255 255 0 255 255 255 0 
255 255 255 0 255 255 255 0 255 255 255 0 255 255 255 0 255 255 255 0 255 255 255 0 255 255 255 0 255 255 255 0 255 255 255 0 255 255 255 0 
255 255 255 0 255 255 255 0 255 255 255 0 255 255 255 0 255 255 255 0 255 255 255 0 255 255 255 0 255 255 255 0 255 255 255 0 255 255 255 0 
255 255 255 0 255 255 255 0 255 255 255 0 255 255 255 0 255 255 255 0 255 255 255 0 255 255 255 0 255 255 255 0 255 255 255 0 255 255 255 0 
255 255 255 0 255 255 255 0 255 255 255 0 255 255 255 0 255 255 255 0 255 255 255 0 255 255 255 0 255 255 255 0 255 255 255 0 255 255 255 0 
255 255 255 0 255 255 255 0 255 255 255 0 255 255 255 0 255 255 255 0 255 255 255 0 255 255 255 0 255 255 255 0 255 255 255 0 255 255 255 0 
255 255 255 0 255 255 255 0 255 255 255 0 255 255 255 0 255 255 255 0 255 255 255 0 255 255 255 0 255 255 255 0 255 255 255 0 255 255 255 0 
255 255 255 0 255 255 255 0 255 255 255 0 255 255 255 0 255 255 255 0 255 255 255 0 255 255 255 0 255 255 255 0 255 255 255 0 255 255 255 0 
255 255 255 0 255 255 255 0 255 255 255 0 255 255 255 0 255 255 255 0 255 255 255 0 255 255 255 0 255 255 255 0 255 255 255 0 255 255 255 0 
Initial
255 255 255 255 255 255 255 255 255 255 255 255 255 255 255 255 255 255 255 255 255 255 255 255 255 255 255 255 255 255 255 255 255 255 255 255 255 255 255 255 
255 255 255 255 255 255 255 255 255 255 255 255 255 255 255 255 255 255 255 255 255 255 255 255 255 255 255 255 255 255 255 255 255 255 255 255 255 255 255 255 
255 255 255 255 255 255 255 255 255 255 255 255 255 255 255 255 255 255 255 255 255 255 255 255 255 255 255 255 255 255 255 255 255 255 255 255 255 255 255 255 
255 255 255 255 255 255 255 255 255 255 255 255 255 255 255 255 255 255 255 255 255 255 255 255 255 255 255 255 255 255 255 255 255 255 255 255 255 255 255 255 
255 255 255 255 255 255 255 255 255 255 255 255 255 255 255 255 255 255 255 255 255 255 255 255 255 255 255 255 255 255 255 255 255 255 255 255 255 255 255 255 
255 255 255 255 255 255 255 255 255 255 255 255 255 255 255 255 255 255 255 255 255 255 255 255 255 255 255 255 255 255 255 255 255 255 255 255 255 255 255 255 
255 255 255 255 255 255 255 255 255 255 255 255 255 255 255 255 255 255 255 255 255 255 255 255 255 255 255 255 255 255 255 255 255 255 255 255 255 255 255 255 
255 255 255 255 255 255 255 255 255 255 255 255 255 255 255 255 255 255 255 255 255 255 255 255 255 255 255 255 255 255 255 255 255 255 255 255 255 255 255 255 
255 255 255 255 255 255 255 255 255 255 255 255 255 255 255 255 255 255 255 255 255 255 255 255 255 255 255 255 255 255 255 255 255 255 255 255 255 255 255 255 
255 255 255 255 255 255 255 255 255 255 255 255 255 255 255 255 255 255 255 255 255 255 255 255 255 255 255 255 255 255 255 255 255 255 255 255 255 255 255 255 
255 255 255 255 255 255 255 255 255 255 255 255 255 255 255 255 255 255 255 255 255 255 255 255 255 255 255 255 255 255 255 255 255 255 255 255 255 255 255 255 
255 255 255 255 255 255 255 255 255 255 255 255 255 255 255 255 255 255 255 255 255 255 255 255 255 255 255 255 255 255 255 255 255 255 255 255 255 255 255 255 
255 255 255 255 255 255 255 255 255 255 255 255 255 255 255 255 255 255 255 255 255 255 255 255 255 255 255 255 255 255 255 255 255 255 255 255 255 255 255 255 
255 255 255 255 255 255 255 255 255 255 255 255 255 255 255 255 255 255 255 255 255 255 255 255 255 255 255 255 255 255 255 255 255 255 255 255 255 255 255 255 
255 255 255 255 255 255 255 255 255 255 255 255 255 255 255 255 255 255 255 255 255 255 255 255 255 255 255 255 255 255 255 255 255 255 255 255 255 255 255 255 
255 255 255 255 255 255 255 255 255 255 255 255 255 255 255 255 255 255 255 255 255 255 255 255 255 255 255 255 255 255 255 255 255 255 255 255 255 255 255 255 
255 255 255 255 255 255 255 255 255 255 255 255 255 255 255 255 255 255 255 255 255 255 255 255 255 255 255 255 255 255 255 255 255 255 255 255 255 255 255 255 
255 255 255 255 255 255 255 255 255 255 255 255 255 255 255 255 255 255 255 255 255 255 255 255 255 255 255 255 255 255 255 255 255 255 255 255 255 255 255 255 
255 255 255 255 255 255 255 255 255 255 255 255 255 255 255 255 255 255 255 255 255 255 255 255 255 255 255 255 255 255 255 255 255 255 255 255 255 255 255 255 
255 255 255 255 255 255 255 255 255 255 255 255 255 255 255 255 255 255 255 255 255 255 255 255 255 255 255 255 255 255 255 255 255 255 255 255 255 255 255 255 
